	XSV	PAU	XPF	PCJ	XSJ	PAD	NNUx	EPF	PCA	PAN	SCM	EAN	<s>	DAN	NNC	ECS	NNX	XSf	NNU	EAU	ADV	CO	VV	VJ	ENM	SLQ	NFW	SRQ	ADC	EFN	XFP	VX	NPN	SSY	SFN	IJ	XSF	NPR
XSV	-9.964341	-10.964341	-10.964341	-10.964341	-10.964341	-10.964341	-10.964341	-2.087824	-10.964341	-10.964341	-10.964341	-1.494699	-10.964341	-10.964341	-10.964341	-1.745172	-10.964341	-10.964341	-10.964341	-10.964341	-10.964341	-10.964341	-10.964341	-10.964341	-4.306129	-10.964341	-10.964341	-10.964341	-10.964341	-4.504909	-10.964341	-10.964341	-10.964341	-10.964341	-10.964341	-10.964341	-10.964341	-10.964341	
PAU	-10.741467	-7.571542	-7.741467	-10.741467	-10.741467	-8.156504	-9.741467	-10.741467	-7.156504	-10.741467	-9.741467	-10.741467	-10.741467	-4.171611	-1.323614	-10.741467	-10.741467	-10.741467	-3.332076	-10.741467	-3.883486	-10.741467	-4.141554	-5.349150	-10.741467	-4.141554	-6.934112	-10.741467	-5.217905	-10.741467	-10.741467	-5.986579	-5.697073	-10.741467	-10.741467	-10.741467	-10.741467	-2.883486	
XPF	-6.614710	-6.614710	-6.614710	-6.614710	-6.614710	-6.614710	-6.614710	-6.614710	-6.614710	-6.614710	-6.614710	-6.614710	-6.614710	-6.614710	-1.485427	-6.614710	-5.029747	-6.614710	-4.614710	-6.614710	-6.614710	-6.614710	-6.614710	-6.614710	-6.614710	-6.614710	-6.614710	-6.614710	-6.614710	-6.614710	-6.614710	-6.614710	-6.614710	-6.614710	-6.614710	-6.614710	-6.614710	-2.155278	
PCJ	-8.308339	-8.308339	-6.308339	-8.308339	-8.308339	-8.308339	-8.308339	-8.308339	-8.308339	-8.308339	-7.308339	-8.308339	-8.308339	-5.500984	-1.220876	-8.308339	-8.308339	-8.308339	-4.723377	-8.308339	-7.308339	-8.308339	-7.308339	-7.308339	-8.308339	-8.308339	-6.308339	-8.308339	-8.308339	-8.308339	-8.308339	-8.308339	-7.308339	-8.308339	-8.308339	-8.308339	-8.308339	-1.437974	
XSJ	-7.768184	-7.768184	-7.768184	-7.768184	-7.768184	-7.768184	-7.768184	-4.960829	-7.768184	-7.768184	-7.768184	-0.873367	-7.768184	-7.768184	-7.768184	-3.013297	-7.768184	-7.768184	-7.768184	-7.768184	-7.768184	-7.768184	-7.768184	-7.768184	-7.768184	-7.768184	-7.768184	-7.768184	-7.768184	-2.813988	-7.768184	-7.768184	-7.768184	-7.768184	-7.768184	-7.768184	-7.768184	-7.768184	
PAD	-11.545930	-4.062114	-10.545930	-11.545930	-11.545930	-11.545930	-11.545930	-11.545930	-11.545930	-5.902074	-8.376005	-11.545930	-11.545930	-6.545930	-1.336476	-11.545930	-9.545930	-11.545930	-4.447898	-11.545930	-4.764570	-10.545930	-1.719381	-6.260528	-11.545930	-6.188378	-6.902074	-11.545930	-10.545930	-11.545930	-11.545930	-6.902074	-7.738575	-11.545930	-11.545930	-11.545930	-11.545930	-3.852443	
NNUx	-5.285402	-5.285402	-5.285402	-5.285402	-5.285402	-5.285402	-5.285402	-5.285402	-5.285402	-5.285402	-5.285402	-5.285402	-5.285402	-5.285402	-5.285402	-5.285402	-4.285402	-5.285402	-5.285402	-5.285402	-5.285402	-5.285402	-5.285402	-5.285402	-5.285402	-5.285402	-5.285402	-5.285402	-5.285402	-5.285402	-5.285402	-5.285402	-5.285402	-5.285402	-5.285402	-5.285402	-5.285402	-5.285402	
EPF	-10.187352	-10.187352	-10.187352	-10.187352	-10.187352	-10.187352	-10.187352	-10.187352	-10.187352	-10.187352	-10.187352	-4.727920	-10.187352	-10.187352	-10.187352	-3.367173	-10.187352	-10.187352	-10.187352	-10.187352	-10.187352	-10.187352	-10.187352	-10.187352	-6.379997	-10.187352	-10.187352	-10.187352	-10.187352	-0.278959	-10.187352	-10.187352	-10.187352	-10.187352	-10.187352	-10.187352	-10.187352	-10.187352	
PCA	-11.604553	-10.604553	-9.019591	-11.604553	-11.604553	-11.604553	-11.604553	-11.604553	-11.604553	-11.604553	-9.282625	-11.604553	-11.604553	-6.746572	-1.047090	-11.604553	-10.604553	-11.604553	-4.454806	-11.604553	-4.517090	-11.604553	-1.676775	-4.975197	-11.604553	-7.145122	-8.282625	-11.604553	-11.604553	-11.604553	-11.604553	-6.904114	-7.904114	-11.604553	-11.604553	-11.604553	-11.604553	-4.721910	
PAN	-10.156083	-10.156083	-6.986158	-10.156083	-10.156083	-10.156083	-10.156083	-10.156083	-10.156083	-10.156083	-10.156083	-10.156083	-10.156083	-5.696651	-0.366549	-10.156083	-9.156083	-10.156083	-4.298102	-10.156083	-9.156083	-10.156083	-7.834155	-7.571121	-10.156083	-6.455643	-6.986158	-10.156083	-9.156083	-10.156083	-9.156083	-10.156083	-8.571121	-10.156083	-10.156083	-10.156083	-10.156083	-3.526726	
SCM	-8.867279	-8.867279	-7.867279	-8.867279	-8.867279	-8.867279	-8.867279	-8.867279	-8.867279	-8.867279	-8.867279	-8.867279	-8.867279	-5.545351	-1.112391	-8.867279	-8.867279	-8.867279	-5.059924	-8.867279	-5.697354	-8.867279	-7.867279	-7.867279	-8.867279	-5.407847	-6.545351	-8.867279	-6.545351	-8.867279	-8.867279	-8.867279	-6.059924	-8.867279	-8.867279	-8.867279	-8.867279	-1.563498	
EAN	-11.220378	-11.220378	-8.413023	-11.220378	-11.220378	-11.220378	-11.220378	-11.220378	-11.220378	-11.220378	-11.220378	-11.220378	-11.220378	-6.696816	-0.886105	-11.220378	-2.001210	-11.220378	-4.696816	-11.220378	-9.635416	-11.220378	-10.220378	-7.635416	-11.220378	-6.132915	-7.132915	-8.898450	-10.220378	-11.220378	-10.220378	-10.220378	-9.635416	-11.220378	-11.220378	-11.220378	-11.220378	-3.127621	
<s>	-10.020980	-10.020980	-7.699052	-10.020980	-10.020980	-10.020980	-10.020980	-10.020980	-10.020980	-10.020980	-10.020980	-10.020980	-10.020980	-4.090243	-2.207199	-10.020980	-10.020980	-10.020980	-5.020980	-10.020980	-5.114089	-10.020980	-9.020980	-9.020980	-10.020980	-8.436017	-5.699052	-10.020980	-3.773052	-10.020980	-10.020980	-10.020980	-3.513185	-10.020980	-10.020980	-10.020980	-10.020980	-1.156794	
DAN	-8.903882	-8.903882	-8.903882	-8.903882	-8.903882	-8.903882	-8.903882	-8.903882	-8.903882	-8.903882	-8.903882	-8.903882	-8.903882	-7.903882	-0.949686	-8.903882	-7.903882	-8.903882	-1.477617	-8.903882	-8.903882	-8.903882	-8.903882	-8.903882	-8.903882	-8.903882	-6.903882	-8.903882	-8.903882	-8.903882	-8.903882	-8.903882	-8.903882	-8.903882	-8.903882	-8.903882	-8.903882	-4.655954	
NNC	-2.787963	-4.015768	-10.723128	-6.313737	-6.231275	-3.265747	-13.723128	-13.723128	-2.572111	-4.635665	-5.728774	-13.723128	-13.723128	-9.401200	-1.829826	-13.723128	-6.168539	-12.723128	-5.651665	-13.723128	-9.263696	-5.877638	-8.168539	-9.138165	-13.723128	-7.494309	-9.635665	-6.573381	-7.890238	-13.723128	-13.723128	-11.723128	-12.138165	-11.723128	-12.138165	-13.723128	-4.247394	-5.706319	
ECS	-11.076148	-5.403722	-9.491185	-11.076148	-11.076148	-11.076148	-11.076148	-11.076148	-11.076148	-11.076148	-6.268793	-8.491185	-11.076148	-5.193504	-1.788435	-10.076148	-10.076148	-11.076148	-4.847329	-11.076148	-5.243258	-11.076148	-5.010058	-7.076148	-11.076148	-4.552586	-7.754219	-8.754219	-8.754219	-11.076148	-11.076148	-1.446791	-5.552586	-11.076148	-11.076148	-11.076148	-11.076148	-3.439523	
NNX	-11.133784	-4.275803	-9.548822	-7.133784	-10.133784	-2.625990	-11.133784	-11.133784	-3.145100	-4.326429	-6.610222	-11.133784	-11.133784	-7.133784	-2.254201	-10.133784	-5.133784	-11.133784	-4.533872	-11.133784	-7.548822	-3.715932	-5.179588	-4.885857	-11.133784	-6.226894	-8.326429	-4.758745	-10.133784	-11.133784	-11.133784	-5.885857	-10.133784	-11.133784	-11.133784	-11.133784	-5.133784	-3.934112	
XSf	-5.285402	-5.285402	-5.285402	-5.285402	-5.285402	-5.285402	-5.285402	-5.285402	-5.285402	-5.285402	-5.285402	-5.285402	-5.285402	-5.285402	-5.285402	-5.285402	-5.285402	-5.285402	-4.285402	-5.285402	-5.285402	-5.285402	-5.285402	-5.285402	-5.285402	-5.285402	-5.285402	-5.285402	-5.285402	-5.285402	-5.285402	-5.285402	-5.285402	-5.285402	-5.285402	-5.285402	-5.285402	-5.285402	
NNU	-10.870365	-9.870365	-10.870365	-10.870365	-10.870365	-7.548437	-10.870365	-10.870365	-8.063010	-8.285402	-8.285402	-10.870365	-10.870365	-10.870365	-4.285402	-10.870365	-0.595404	-10.870365	-2.222906	-10.870365	-10.870365	-10.870365	-9.870365	-10.870365	-10.870365	-10.870365	-7.063010	-6.963474	-10.870365	-10.870365	-10.870365	-10.870365	-10.870365	-6.226509	-10.870365	-10.870365	-6.478047	-8.870365	
EAU	-5.285402	-5.285402	-5.285402	-5.285402	-5.285402	-5.285402	-5.285402	-5.285402	-5.285402	-5.285402	-5.285402	-5.285402	-5.285402	-5.285402	-5.285402	-5.285402	-5.285402	-5.285402	-5.285402	-5.285402	-5.285402	-5.285402	-5.285402	-5.285402	-5.285402	-5.285402	-5.285402	-5.285402	-5.285402	-5.285402	-5.285402	-5.285402	-5.285402	-5.285402	-5.285402	-5.285402	-5.285402	-4.285402	
ADV	-9.162391	-7.577429	-9.162391	-9.162391	-9.162391	-8.162391	-9.162391	-9.162391	-9.162391	-9.162391	-7.577429	-9.162391	-9.162391	-7.577429	-1.038270	-9.162391	-9.162391	-9.162391	-4.117997	-9.162391	-4.914464	-9.162391	-2.804839	-4.033108	-9.162391	-5.074928	-7.162391	-8.162391	-9.162391	-9.162391	-9.162391	-8.162391	-6.577429	-9.162391	-9.162391	-9.162391	-9.162391	-3.255501	
CO	-9.310613	-9.310613	-9.310613	-9.310613	-9.310613	-9.310613	-9.310613	-4.725650	-9.310613	-9.310613	-9.310613	-1.710700	-9.310613	-9.310613	-9.310613	-4.666757	-9.310613	-9.310613	-9.310613	-9.310613	-9.310613	-9.310613	-9.310613	-9.310613	-5.503258	-9.310613	-9.310613	-9.310613	-9.310613	-0.880160	-9.310613	-9.310613	-9.310613	-9.310613	-9.310613	-9.310613	-9.310613	-9.310613	
VV	-11.202124	-11.202124	-11.202124	-11.202124	-11.202124	-11.202124	-11.202124	-2.188103	-11.202124	-11.202124	-11.202124	-1.809806	-11.202124	-10.202124	-11.202124	-1.250839	-11.202124	-11.202124	-11.202124	-10.202124	-11.202124	-11.202124	-11.202124	-11.202124	-5.114661	-11.202124	-11.202124	-11.202124	-11.202124	-4.992670	-11.202124	-11.202124	-11.202124	-11.202124	-11.202124	-11.202124	-11.202124	-11.202124	
VJ	-8.658211	-8.658211	-8.658211	-8.658211	-8.658211	-8.658211	-8.658211	-4.957772	-8.658211	-8.658211	-8.658211	-1.166358	-8.658211	-8.658211	-8.658211	-2.215268	-8.658211	-8.658211	-8.658211	-8.658211	-8.658211	-8.658211	-8.658211	-8.658211	-4.658211	-8.658211	-8.658211	-8.658211	-8.658211	-2.429393	-8.658211	-8.658211	-8.658211	-8.658211	-8.658211	-8.658211	-8.658211	-8.658211	
ENM	-8.098032	-4.191141	-8.098032	-8.098032	-8.098032	-1.740480	-8.098032	-8.098032	-2.513070	-8.098032	-8.098032	-8.098032	-8.098032	-8.098032	-5.513070	-8.098032	-3.776104	-8.098032	-8.098032	-8.098032	-7.098032	-8.098032	-2.215389	-4.928107	-8.098032	-8.098032	-8.098032	-7.098032	-8.098032	-8.098032	-8.098032	-8.098032	-8.098032	-8.098032	-8.098032	-8.098032	-6.513070	-8.098032	
SLQ	-9.228819	-9.228819	-6.906891	-9.228819	-9.228819	-8.228819	-9.228819	-9.228819	-9.228819	-9.228819	-9.228819	-9.228819	-9.228819	-4.274622	-1.728973	-9.228819	-9.228819	-9.228819	-3.500898	-9.228819	-4.705257	-9.228819	-6.421464	-7.643856	-9.228819	-7.643856	-3.019365	-9.228819	-6.906891	-9.228819	-9.228819	-9.228819	-4.906891	-9.228819	-9.228819	-8.228819	-9.228819	-1.845114	
NFW	-8.179909	-4.372554	-8.179909	-6.594947	-8.179909	-4.092446	-8.179909	-8.179909	-4.009984	-4.594947	-7.179909	-8.179909	-8.179909	-8.179909	-1.672114	-8.179909	-5.857981	-8.179909	-8.179909	-8.179909	-8.179909	-7.179909	-7.179909	-8.179909	-8.179909	-5.372554	-4.594947	-2.030162	-7.179909	-8.179909	-8.179909	-8.179909	-8.179909	-5.179909	-8.179909	-8.179909	-8.179909	-7.179909	
SRQ	-9.224002	-4.764570	-9.224002	-6.639039	-9.224002	-2.064130	-9.224002	-9.224002	-3.201634	-4.469114	-5.523562	-6.416647	-9.224002	-6.902074	-2.831684	-3.700440	-5.764570	-9.224002	-7.639039	-9.224002	-9.224002	-2.442642	-8.224002	-8.224002	-9.224002	-8.224002	-9.224002	-7.639039	-9.224002	-9.224002	-9.224002	-9.224002	-9.224002	-6.902074	-9.224002	-9.224002	-6.639039	-5.054077	
ADC	-7.918863	-7.918863	-6.918863	-7.918863	-7.918863	-7.918863	-7.918863	-7.918863	-7.918863	-7.918863	-7.918863	-7.918863	-7.918863	-4.459432	-1.349008	-7.918863	-7.918863	-7.918863	-5.111508	-7.918863	-6.333901	-7.918863	-6.918863	-6.333901	-7.918863	-4.459432	-5.596935	-7.918863	-7.918863	-7.918863	-6.918863	-7.918863	-6.333901	-7.918863	-7.918863	-7.918863	-7.918863	-1.748938	
EFN	-10.911392	-5.663464	-10.911392	-10.911392	-10.911392	-2.126757	-10.911392	-10.911392	-7.911392	-8.911392	-10.911392	-3.771841	-10.911392	-9.911392	-7.326429	-4.889024	-9.911392	-10.911392	-9.326429	-10.911392	-9.911392	-10.911392	-7.741467	-10.911392	-9.911392	-9.911392	-10.911392	-3.580475	-10.911392	-10.911392	-10.911392	-8.911392	-10.911392	-10.911392	-0.938412	-10.911392	-10.911392	-8.589464	
XFP	-5.357552	-5.357552	-5.357552	-5.357552	-5.357552	-5.357552	-5.357552	-5.357552	-5.357552	-5.357552	-5.357552	-5.357552	-5.357552	-5.357552	-5.357552	-5.357552	-5.357552	-5.357552	-4.357552	-5.357552	-5.357552	-5.357552	-5.357552	-5.357552	-5.357552	-5.357552	-5.357552	-5.357552	-5.357552	-5.357552	-5.357552	-5.357552	-5.357552	-5.357552	-5.357552	-5.357552	-5.357552	-3.772590	
VX	-9.890264	-9.890264	-9.890264	-9.890264	-9.890264	-9.890264	-9.890264	-3.203764	-9.890264	-9.890264	-9.890264	-1.730393	-9.890264	-9.890264	-9.890264	-2.406448	-9.890264	-9.890264	-9.890264	-9.890264	-9.890264	-9.890264	-9.890264	-9.890264	-5.135377	-9.890264	-9.890264	-9.890264	-9.890264	-1.563835	-9.890264	-9.890264	-9.890264	-9.890264	-9.890264	-9.890264	-9.890264	-9.890264	
NPN	-8.092757	-1.825971	-8.092757	-8.092757	-8.092757	-2.392317	-8.092757	-8.092757	-2.807355	-4.507795	-8.092757	-8.092757	-8.092757	-8.092757	-4.507795	-8.092757	-5.092757	-8.092757	-8.092757	-8.092757	-8.092757	-7.092757	-8.092757	-5.285402	-8.092757	-6.092757	-8.092757	-8.092757	-8.092757	-8.092757	-8.092757	-8.092757	-8.092757	-8.092757	-8.092757	-8.092757	-3.138561	-7.092757	
SSY	-7.118941	-7.118941	-7.118941	-7.118941	-7.118941	-7.118941	-7.118941	-7.118941	-7.118941	-7.118941	-7.118941	-7.118941	-7.118941	-7.118941	-5.118941	-7.118941	-7.118941	-7.118941	-2.364054	-7.118941	-7.118941	-7.118941	-7.118941	-7.118941	-7.118941	-7.118941	-5.118941	-7.118941	-7.118941	-7.118941	-7.118941	-7.118941	-7.118941	-7.118941	-7.118941	-7.118941	-7.118941	-0.989658	
SFN	-10.032046	-10.032046	-10.032046	-10.032046	-10.032046	-10.032046	-10.032046	-10.032046	-10.032046	-10.032046	-10.032046	-10.032046	-0.063379	-10.032046	-8.032046	-10.032046	-10.032046	-10.032046	-10.032046	-10.032046	-10.032046	-10.032046	-10.032046	-10.032046	-10.032046	-10.032046	-10.032046	-10.032046	-9.032046	-10.032046	-10.032046	-10.032046	-9.032046	-10.032046	-10.032046	-10.032046	-10.032046	-8.032046	
IJ	-5.285402	-5.285402	-5.285402	-5.285402	-5.285402	-5.285402	-5.285402	-5.285402	-5.285402	-5.285402	-5.285402	-5.285402	-5.285402	-5.285402	-5.285402	-5.285402	-5.285402	-5.285402	-5.285402	-5.285402	-5.285402	-5.285402	-5.285402	-5.285402	-5.285402	-5.285402	-5.285402	-4.285402	-5.285402	-5.285402	-5.285402	-5.285402	-5.285402	-5.285402	-5.285402	-5.285402	-5.285402	-5.285402	
XSF	-8.296151	-3.208689	-9.881114	-7.296151	-9.881114	-2.604990	-9.881114	-9.881114	-2.541264	-3.222902	-7.296151	-9.881114	-9.881114	-9.881114	-2.106327	-9.881114	-5.237258	-9.881114	-5.793651	-9.881114	-8.296151	-3.471723	-8.296151	-8.881114	-8.881114	-8.296151	-8.881114	-6.881114	-8.296151	-9.881114	-9.881114	-9.881114	-9.881114	-9.881114	-9.881114	-9.881114	-7.073759	-6.296151	
NPR	-11.633449	-3.832549	-8.311521	-5.241132	-11.633449	-3.478631	-11.633449	-11.633449	-3.989593	-3.696811	-5.174018	-11.633449	-11.633449	-6.726559	-1.508036	-11.633449	-5.933010	-11.633449	-6.463524	-11.633449	-10.633449	-10.048487	-10.048487	-9.633449	-11.633449	-4.800559	-7.726559	-5.423996	-8.463524	-11.633449	-11.633449	-11.633449	-10.048487	-5.633449	-9.633449	-11.633449	-5.524925	-2.888616	
